# Input for COSMO
# Some sounding
# ...
P [hPa],    Z [m],     T [K],  Dewp [K], Relhum [%], r [g/kg],  WS [m/s],  WD [deg]
  990.005     0.000   299.000     0.000    63.236    13.397     0.000     0.000
  979.209    37.000   298.550     0.000    64.619    13.397     0.000     0.000
  970.898   112.000   297.853     0.000    66.126    13.266     0.000     0.000
  961.869   194.000   297.110     0.000    67.939    13.164     0.000     0.000
  951.596   288.000   296.258     0.000    70.122    13.051     0.000     0.000
  939.999   395.000   295.288     0.000    72.811    12.935     0.000     0.000
  926.582   520.000   294.172     0.000    75.978    12.787     0.000     0.000
  910.986   667.000   293.009     0.000    78.388    12.472     0.000     0.000
  892.586   843.000   292.047     0.000    77.262    11.787     0.000     0.000
  870.116  1062.000   290.841     0.000    75.799    10.990     0.000     0.000
  843.162  1331.000   289.585     0.000    72.124     9.962     0.000     0.000
  810.787  1664.000   288.328     0.000    64.931     8.566     0.000     0.000
  774.119  2055.000   286.135     0.000    62.358     7.501     0.000     0.000
  733.659  2505.000   284.269     0.000    55.512     6.185     0.000     0.000
  691.235  3000.000   281.662     0.000    49.212     4.912     0.000     0.000
  650.466  3500.000   278.813     0.000    46.257     4.008     0.000     0.000
  611.707  4000.000   276.085     0.000    41.088     3.142     0.000     0.000
  574.889  4500.000   273.336     0.000    37.760     2.507     0.000     0.000
  539.936  5000.000   270.577     0.000    34.271     1.988     0.000     0.000
  506.757  5500.000   267.544     0.000    33.271     1.628     0.000     0.000
  475.277  6000.000   264.687     0.000    30.960     1.302     0.000     0.000
  445.418  6500.000   261.479     0.000    30.841     1.069     0.000     0.000
  417.104  7000.000   258.391     0.000    29.751     0.860     0.000     0.000
  390.260  7500.000   254.941     0.000    30.527     0.704     0.000     0.000
  364.813  8000.000   251.538     0.000    30.404     0.560     0.000     0.000
  340.694  8500.000   247.803     0.000    32.496     0.458     0.000     0.000
  317.838  9000.000   244.062     0.000    35.152     0.376     0.000     0.000
  296.188  9500.000   240.103     0.000    40.964     0.321     0.000     0.000
  275.689 10000.000   236.186     0.000    46.599     0.265     0.000     0.000
  256.297 10500.000   232.189     0.000    51.940     0.210     0.000     0.000
  237.965 11000.000   228.129     0.000    54.541     0.153     0.000     0.000
  220.646 11500.000   223.970     0.000    55.369     0.104     0.000     0.000
  204.294 12000.000   219.733     0.000    55.927     0.069     0.000     0.000
  188.870 12500.000   215.476     0.000    56.763     0.045     0.000     0.000
  174.340 13000.000   211.339     0.000    56.911     0.028     0.000     0.000
  160.690 13500.000   207.735     0.000    56.134     0.019     0.000     0.000
  147.989 14000.000   207.196     0.000    43.855     0.015     0.000     0.000
  136.327 14500.000   209.098     0.000    25.316     0.012     0.000     0.000
  125.681 15000.000   211.124     0.000    14.416     0.010     0.000     0.000
  115.960 15500.000   213.305     0.000     8.045     0.008     0.000     0.000
  107.090 16000.000   216.019     0.000     4.187     0.006     0.000     0.000
   99.007 16500.000   219.375     0.000     2.019     0.005     0.000     0.000
   91.654 17000.000   223.309     0.000     0.917     0.004     0.000     0.000
   84.964 17500.000   227.488     0.000     0.409     0.003     0.000     0.000
   78.872 18000.000   231.676     0.000     0.184     0.002     0.000     0.000
   73.313 18500.000   235.750     0.000     0.084     0.002     0.000     0.000
   68.231 19000.000   239.776     0.000     0.038     0.001     0.000     0.000
   63.569 19500.000   242.887     0.000     0.000     0.000     0.000     0.000
   59.275 20000.000   245.601     0.000     0.000     0.000     0.000     0.000
   55.313 20500.000   248.194     0.000     0.000     0.000     0.000     0.000
   51.653 21000.000   250.751     0.000     0.000     0.000     0.000     0.000
   48.268 21500.000   253.246     0.000     0.000     0.000     0.000     0.000
   45.130 22000.000   255.094     0.000     0.000     0.000     0.000     0.000
   42.216 22500.000   256.610     0.000     0.000     0.000     0.000     0.000
   39.503 23000.000   257.673     0.000     0.000     0.000     0.000     0.000
   36.974 23500.000   258.636     0.000     0.000     0.000     0.000     0.000
   34.613 24000.000   259.284     0.000     0.000     0.000     0.000     0.000
   32.409 24500.000   259.864     0.000     0.000     0.000     0.000     0.000
   30.348 25000.000   260.184     0.000     0.000     0.000     0.000     0.000
   28.421 25500.000   260.474     0.000     0.000     0.000     0.000     0.000
   26.617 26000.000   260.560     0.000     0.000     0.000     0.000     0.000
   24.928 26500.000   260.561     0.000     0.000     0.000     0.000     0.000
   23.346 27000.000   260.525     0.000     0.000     0.000     0.000     0.000
   21.864 27500.000   260.337     0.000     0.000     0.000     0.000     0.000
   20.475 28000.000   260.222     0.000     0.000     0.000     0.000     0.000
   19.174 28500.000   259.931     0.000     0.000     0.000     0.000     0.000
   17.954 29000.000   259.784     0.000     0.000     0.000     0.000     0.000
   16.810 29500.000   259.436     0.000     0.000     0.000     0.000     0.000
   15.739 30000.000   259.214     0.000     0.000     0.000     0.000     0.000
   14.734 30500.000   258.783     0.000     0.000     0.000     0.000     0.000
   13.792 31000.000   258.439     0.000     0.000     0.000     0.000     0.000
   12.909 31500.000   257.898     0.000     0.000     0.000     0.000     0.000
   12.080 32000.000   257.044     0.000     0.000     0.000     0.000     0.000
   11.302 32500.000   256.104     0.000     0.000     0.000     0.000     0.000
   10.575 33000.000   257.596     0.000     0.000     0.000     0.000     0.000
