# Input for COSMO
# Some sounding
# ...
P [hPa],    Z [m],     T [K],  Dewp [K], Relhum [%], r [g/kg],  WS [m/s],  WD [deg]
  991.703     0.000   298.000     0.000    62.180    12.383     0.000     0.000
  980.929    37.000   297.576     0.000    63.449    12.383     0.000     0.000
  972.572   112.000   296.879     0.000    64.923    12.257     0.000     0.000
  963.493   194.000   296.132     0.000    66.732    12.161     0.000     0.000
  953.162   288.000   295.274     0.000    68.922    12.055     0.000     0.000
  941.500   395.000   294.299     0.000    71.614    11.948     0.000     0.000
  928.008   520.000   293.176     0.000    74.797    11.812     0.000     0.000
  912.326   667.000   291.977     0.000    77.567    11.553     0.000     0.000
  893.821   843.000   290.892     0.000    77.557    10.994     0.000     0.000
  871.219  1062.000   289.619     0.000    76.544    10.250     0.000     0.000
  844.116  1331.000   288.633     0.000    69.639     9.018     0.000     0.000
  811.553  1664.000   286.753     0.000    67.004     7.995     0.000     0.000
  774.681  2055.000   285.324     0.000    57.898     6.565     0.000     0.000
  734.006  2505.000   282.621     0.000    54.447     5.454     0.000     0.000
  691.344  3000.000   280.585     0.000    45.640     4.204     0.000     0.000
  650.356  3500.000   277.117     0.000    44.966     3.480     0.000     0.000
  611.393  4000.000   274.859     0.000    38.191     2.659     0.000     0.000
  574.394  4500.000   271.634     0.000    35.686     2.107     0.000     0.000
  539.266  5000.000   269.125     0.000    31.927     1.652     0.000     0.000
  505.928  5500.000   265.766     0.000    30.817     1.326     0.000     0.000
  474.293  6000.000   262.963     0.000    29.162     1.067     0.000     0.000
  444.289  6500.000   259.526     0.000    28.762     0.859     0.000     0.000
  415.833  7000.000   256.383     0.000    28.676     0.700     0.000     0.000
  388.855  7500.000   252.751     0.000    29.123     0.561     0.000     0.000
  363.278  8000.000   249.232     0.000    30.323     0.456     0.000     0.000
  339.036  8500.000   245.348     0.000    32.957     0.373     0.000     0.000
  316.065  9000.000   241.507     0.000    37.598     0.316     0.000     0.000
  294.308  9500.000   237.457     0.000    43.935     0.266     0.000     0.000
  273.717 10000.000   233.510     0.000    49.189     0.214     0.000     0.000
  254.245 10500.000   229.416     0.000    53.034     0.160     0.000     0.000
  235.841 11000.000   225.249     0.000    54.699     0.112     0.000     0.000
  218.459 11500.000   220.987     0.000    55.562     0.074     0.000     0.000
  202.055 12000.000   216.692     0.000    56.299     0.048     0.000     0.000
  186.591 12500.000   212.420     0.000    56.960     0.031     0.000     0.000
  172.044 13000.000   208.518     0.000    56.333     0.019     0.000     0.000
  158.429 13500.000   205.906     0.000    54.322     0.014     0.000     0.000
  145.847 14000.000   206.984     0.000    33.359     0.011     0.000     0.000
  134.336 14500.000   208.635     0.000    19.351     0.009     0.000     0.000
  123.821 15000.000   210.563     0.000    10.938     0.007     0.000     0.000
  114.222 15500.000   212.856     0.000     5.973     0.005     0.000     0.000
  105.470 16000.000   215.760     0.000     3.070     0.004     0.000     0.000
   97.504 16500.000   219.303     0.000     1.486     0.004     0.000     0.000
   90.261 17000.000   223.273     0.000     0.696     0.003     0.000     0.000
   83.672 17500.000   227.440     0.000     0.323     0.002     0.000     0.000
   77.670 18000.000   231.526     0.000     0.153     0.002     0.000     0.000
   72.191 18500.000   235.518     0.000     0.073     0.001     0.000     0.000
   67.180 19000.000   239.358     0.000     0.035     0.001     0.000     0.000
   62.582 19500.000   242.415     0.000     0.000     0.000     0.000     0.000
   58.347 20000.000   245.104     0.000     0.000     0.000     0.000     0.000
   54.439 20500.000   247.700     0.000     0.000     0.000     0.000     0.000
   50.830 21000.000   250.250     0.000     0.000     0.000     0.000     0.000
   47.492 21500.000   252.723     0.000     0.000     0.000     0.000     0.000
   44.399 22000.000   254.590     0.000     0.000     0.000     0.000     0.000
   41.526 22500.000   256.130     0.000     0.000     0.000     0.000     0.000
   38.853 23000.000   257.205     0.000     0.000     0.000     0.000     0.000
   36.361 23500.000   258.206     0.000     0.000     0.000     0.000     0.000
   34.036 24000.000   258.860     0.000     0.000     0.000     0.000     0.000
   31.865 24500.000   259.477     0.000     0.000     0.000     0.000     0.000
   29.837 25000.000   259.807     0.000     0.000     0.000     0.000     0.000
   27.939 25500.000   260.106     0.000     0.000     0.000     0.000     0.000
   26.164 26000.000   260.221     0.000     0.000     0.000     0.000     0.000
   24.501 26500.000   260.241     0.000     0.000     0.000     0.000     0.000
   22.945 27000.000   260.223     0.000     0.000     0.000     0.000     0.000
   21.486 27500.000   260.068     0.000     0.000     0.000     0.000     0.000
   20.120 28000.000   259.954     0.000     0.000     0.000     0.000     0.000
   18.840 28500.000   259.707     0.000     0.000     0.000     0.000     0.000
   17.640 29000.000   259.528     0.000     0.000     0.000     0.000     0.000
   16.516 29500.000   259.263     0.000     0.000     0.000     0.000     0.000
   15.462 30000.000   258.967     0.000     0.000     0.000     0.000     0.000
   14.475 30500.000   258.703     0.000     0.000     0.000     0.000     0.000
   13.549 31000.000   258.227     0.000     0.000     0.000     0.000     0.000
   12.681 31500.000   257.789     0.000     0.000     0.000     0.000     0.000
   11.866 32000.000   256.879     0.000     0.000     0.000     0.000     0.000
   11.102 32500.000   255.988     0.000     0.000     0.000     0.000     0.000
   10.387 33000.000   257.443     0.000     0.000     0.000     0.000     0.000
