# Input for COSMO
# Some sounding
# ...
P [hPa],    Z [m],     T [K],  Dewp [K], Relhum [%], r [g/kg],  WS [m/s],  WD [deg]
  978.151     0.000   305.000     0.000    68.260    20.829     0.000     0.000
  970.417    37.000   304.981     0.000    68.366    20.829     0.000     0.000
  962.390   112.000   304.318     0.000    69.771    20.646     0.000     0.000
  953.669   194.000   303.618     0.000    71.358    20.488     0.000     0.000
  943.745   288.000   302.814     0.000    73.212    20.295     0.000     0.000
  932.541   395.000   301.883     0.000    75.631    20.106     0.000     0.000
  919.576   520.000   300.829     0.000    78.285    19.841     0.000     0.000
  904.505   667.000   299.823     0.000    79.585    19.277     0.000     0.000
  886.724   843.000   299.008     0.000    78.012    18.346     0.000     0.000
  865.002  1062.000   297.808     0.000    77.727    17.447     0.000     0.000
  838.935  1331.000   296.819     0.000    73.932    16.075     0.000     0.000
  807.601  1664.000   295.331     0.000    70.885    14.645     0.000     0.000
  772.093  2055.000   293.860     0.000    67.033    13.204     0.000     0.000
  732.899  2505.000   291.763     0.000    64.953    11.848     0.000     0.000
  691.775  3000.000   290.017     0.000    59.633    10.295     0.000     0.000
  652.263  3500.000   287.505     0.000    57.290     8.953     0.000     0.000
  614.686  4000.000   285.361     0.000    53.426     7.679     0.000     0.000
  578.956  4500.000   282.679     0.000    51.240     6.558     0.000     0.000
  544.972  5000.000   279.988     0.000    49.770     5.616     0.000     0.000
  512.665  5500.000   277.321     0.000    47.120     4.704     0.000     0.000
  481.977  6000.000   274.699     0.000    44.960     3.949     0.000     0.000
  452.848  6500.000   272.110     0.000    42.164     3.271     0.000     0.000
  425.211  7000.000   269.430     0.000    40.722     2.749     0.000     0.000
  399.004  7500.000   266.794     0.000    38.840     2.292     0.000     0.000
  374.164  8000.000   264.030     0.000    38.157     1.932     0.000     0.000
  350.629  8500.000   261.293     0.000    37.225     1.621     0.000     0.000
  328.340  9000.000   258.398     0.000    37.044     1.358     0.000     0.000
  307.234  9500.000   255.428     0.000    36.765     1.125     0.000     0.000
  287.253 10000.000   252.296     0.000    37.004     0.924     0.000     0.000
  268.338 10500.000   249.014     0.000    37.806     0.756     0.000     0.000
  250.435 11000.000   245.588     0.000    40.038     0.626     0.000     0.000
  233.496 11500.000   242.050     0.000    43.450     0.522     0.000     0.000
  217.475 12000.000   238.476     0.000    47.563     0.432     0.000     0.000
  202.333 12500.000   234.820     0.000    51.796     0.349     0.000     0.000
  188.030 13000.000   231.119     0.000    54.999     0.270     0.000     0.000
  174.527 13500.000   227.303     0.000    57.047     0.198     0.000     0.000
  161.788 14000.000   223.408     0.000    58.308     0.140     0.000     0.000
  149.777 14500.000   219.516     0.000    59.111     0.097     0.000     0.000
  138.476 15000.000   215.947     0.000    58.609     0.067     0.000     0.000
  127.874 15500.000   212.995     0.000    57.798     0.049     0.000     0.000
  118.057 16000.000   214.758     0.000    35.338     0.041     0.000     0.000
  109.096 16500.000   218.044     0.000    18.386     0.034     0.000     0.000
  100.941 17000.000   221.711     0.000     9.255     0.029     0.000     0.000
   93.512 17500.000   225.181     0.000     4.772     0.024     0.000     0.000
   86.730 18000.000   228.562     0.000     2.464     0.020     0.000     0.000
   80.527 18500.000   231.865     0.000     1.270     0.016     0.000     0.000
   74.845 19000.000   235.053     0.000     0.651     0.012     0.000     0.000
   69.632 19500.000   238.086     0.000     0.333     0.009     0.000     0.000
   64.846 20000.000   241.746     0.000     0.156     0.007     0.000     0.000
   60.453 20500.000   245.294     0.000     0.070     0.004     0.000     0.000
   56.411 21000.000   248.336     0.000     0.031     0.003     0.000     0.000
   52.681 21500.000   251.099     0.000     0.013     0.002     0.000     0.000
   49.226 22000.000   252.554     0.000     0.000     0.000     0.000     0.000
   46.023 22500.000   255.219     0.000     0.000     0.000     0.000     0.000
   43.057 23000.000   257.579     0.000     0.000     0.000     0.000     0.000
   40.300 23500.000   258.713     0.000     0.000     0.000     0.000     0.000
   37.729 24000.000   259.520     0.000     0.000     0.000     0.000     0.000
   35.329 24500.000   260.190     0.000     0.000     0.000     0.000     0.000
   33.085 25000.000   260.567     0.000     0.000     0.000     0.000     0.000
   30.987 25500.000   260.871     0.000     0.000     0.000     0.000     0.000
   29.023 26000.000   260.989     0.000     0.000     0.000     0.000     0.000
   27.185 26500.000   260.977     0.000     0.000     0.000     0.000     0.000
   25.462 27000.000   261.012     0.000     0.000     0.000     0.000     0.000
   23.848 27500.000   260.704     0.000     0.000     0.000     0.000     0.000
   22.335 28000.000   260.631     0.000     0.000     0.000     0.000     0.000
   20.918 28500.000   260.321     0.000     0.000     0.000     0.000     0.000
   19.589 29000.000   260.132     0.000     0.000     0.000     0.000     0.000
   18.343 29500.000   259.810     0.000     0.000     0.000     0.000     0.000
   17.175 30000.000   259.480     0.000     0.000     0.000     0.000     0.000
   16.080 30500.000   259.076     0.000     0.000     0.000     0.000     0.000
   15.053 31000.000   258.605     0.000     0.000     0.000     0.000     0.000
   14.089 31500.000   258.019     0.000     0.000     0.000     0.000     0.000
   13.185 32000.000   257.246     0.000     0.000     0.000     0.000     0.000
   12.336 32500.000   256.135     0.000     0.000     0.000     0.000     0.000
   11.543 33000.000   257.571     0.000     0.000     0.000     0.000     0.000
