# Input for COSMO
# Some sounding
# ...
P [hPa],    Z [m],     T [K],  Dewp [K], Relhum [%], r [g/kg],  WS [m/s],  WD [deg]
  995.941     0.000   296.000     0.000    61.362    10.775     0.000     0.000
  984.831    37.000   295.431     0.000    63.192    10.775     0.000     0.000
  976.371   112.000   294.733     0.000    64.650    10.658     0.000     0.000
  967.182   194.000   293.986     0.000    66.448    10.567     0.000     0.000
  956.726   288.000   293.126     0.000    68.650    10.470     0.000     0.000
  944.923   395.000   292.147     0.000    71.351    10.369     0.000     0.000
  931.271   520.000   291.013     0.000    74.624    10.248     0.000     0.000
  915.401   667.000   289.752     0.000    77.961    10.052     0.000     0.000
  896.671   843.000   288.526     0.000    79.013     9.604     0.000     0.000
  873.796  1062.000   287.309     0.000    76.864     8.832     0.000     0.000
  846.360  1331.000   285.996     0.000    71.661     7.809     0.000     0.000
  813.400  1664.000   284.327     0.000    66.773     6.761     0.000     0.000
  776.090  2055.000   282.596     0.000    57.437     5.421     0.000     0.000
  734.926  2505.000   279.870     0.000    54.300     4.495     0.000     0.000
  691.755  3000.000   277.501     0.000    46.174     3.434     0.000     0.000
  650.292  3500.000   274.188     0.000    44.772     2.805     0.000     0.000
  610.907  4000.000   271.842     0.000    37.488     2.099     0.000     0.000
  573.512  4500.000   268.409     0.000    36.554     1.695     0.000     0.000
  538.007  5000.000   265.711     0.000    32.596     1.305     0.000     0.000
  504.313  5500.000   262.162     0.000    32.279     1.048     0.000     0.000
  472.338  6000.000   259.129     0.000    30.422     0.821     0.000     0.000
  442.009  6500.000   255.450     0.000    30.601     0.653     0.000     0.000
  413.241  7000.000   252.027     0.000    30.285     0.513     0.000     0.000
  385.964  7500.000   248.141     0.000    31.686     0.408     0.000     0.000
  360.101  8000.000   244.336     0.000    34.217     0.331     0.000     0.000
  335.591  8500.000   240.247     0.000    39.293     0.276     0.000     0.000
  312.374  9000.000   236.227     0.000    45.151     0.228     0.000     0.000
  290.398  9500.000   232.072     0.000    50.964     0.179     0.000     0.000
  269.611 10000.000   227.912     0.000    53.796     0.130     0.000     0.000
  249.965 10500.000   223.635     0.000    54.902     0.088     0.000     0.000
  231.409 11000.000   219.283     0.000    55.763     0.057     0.000     0.000
  213.898 11500.000   214.924     0.000    56.376     0.036     0.000     0.000
  197.395 12000.000   210.602     0.000    56.654     0.023     0.000     0.000
  181.876 12500.000   206.659     0.000    55.849     0.014     0.000     0.000
  167.360 13000.000   204.115     0.000    54.151     0.010     0.000     0.000
  153.934 13500.000   204.465     0.000    37.041     0.008     0.000     0.000
  141.625 14000.000   205.528     0.000    23.424     0.006     0.000     0.000
  130.362 14500.000   206.778     0.000    14.801     0.005     0.000     0.000
  120.070 15000.000   208.701     0.000     8.645     0.004     0.000     0.000
  110.686 15500.000   211.189     0.000     4.764     0.004     0.000     0.000
  102.145 16000.000   214.285     0.000     2.480     0.003     0.000     0.000
   94.382 16500.000   217.942     0.000     1.225     0.003     0.000     0.000
   87.330 17000.000   222.047     0.000     0.580     0.002     0.000     0.000
   80.923 17500.000   226.306     0.000     0.271     0.002     0.000     0.000
   75.091 18000.000   230.448     0.000     0.128     0.001     0.000     0.000
   69.771 18500.000   234.383     0.000     0.061     0.001     0.000     0.000
   64.905 19000.000   238.163     0.000     0.000     0.000     0.000     0.000
   60.440 19500.000   241.191     0.000     0.000     0.000     0.000     0.000
   56.331 20000.000   244.028     0.000     0.000     0.000     0.000     0.000
   52.544 20500.000   246.716     0.000     0.000     0.000     0.000     0.000
   49.047 21000.000   249.354     0.000     0.000     0.000     0.000     0.000
   45.815 21500.000   251.766     0.000     0.000     0.000     0.000     0.000
   42.820 22000.000   253.607     0.000     0.000     0.000     0.000     0.000
   40.039 22500.000   255.121     0.000     0.000     0.000     0.000     0.000
   37.452 23000.000   256.259     0.000     0.000     0.000     0.000     0.000
   35.042 23500.000   257.273     0.000     0.000     0.000     0.000     0.000
   32.794 24000.000   257.997     0.000     0.000     0.000     0.000     0.000
   30.695 24500.000   258.622     0.000     0.000     0.000     0.000     0.000
   28.735 25000.000   259.045     0.000     0.000     0.000     0.000     0.000
   26.903 25500.000   259.329     0.000     0.000     0.000     0.000     0.000
   25.188 26000.000   259.558     0.000     0.000     0.000     0.000     0.000
   23.584 26500.000   259.549     0.000     0.000     0.000     0.000     0.000
   22.082 27000.000   259.620     0.000     0.000     0.000     0.000     0.000
   20.676 27500.000   259.456     0.000     0.000     0.000     0.000     0.000
   19.358 28000.000   259.449     0.000     0.000     0.000     0.000     0.000
   18.124 28500.000   259.195     0.000     0.000     0.000     0.000     0.000
   16.968 29000.000   259.157     0.000     0.000     0.000     0.000     0.000
   15.885 29500.000   258.839     0.000     0.000     0.000     0.000     0.000
   14.870 30000.000   258.673     0.000     0.000     0.000     0.000     0.000
   13.919 30500.000   258.319     0.000     0.000     0.000     0.000     0.000
   13.028 31000.000   257.942     0.000     0.000     0.000     0.000     0.000
   12.192 31500.000   257.471     0.000     0.000     0.000     0.000     0.000
   11.408 32000.000   256.632     0.000     0.000     0.000     0.000     0.000
   10.672 32500.000   255.728     0.000     0.000     0.000     0.000     0.000
    9.985 33000.000   257.269     0.000     0.000     0.000     0.000     0.000
