# Input for COSMO
# Some sounding
# ...
P [hPa],    Z [m],     T [K],  Dewp [K], Relhum [%], r [g/kg],  WS [m/s],  WD [deg]
  999.649     0.000   295.000     0.000    56.651     9.320     0.000     0.000
  988.694    37.000   294.205     0.000    59.265     9.320     0.000     0.000
  980.158   112.000   293.502     0.000    60.631     9.213     0.000     0.000
  970.887   194.000   292.752     0.000    62.294     9.128     0.000     0.000
  960.337   288.000   291.884     0.000    64.366     9.037     0.000     0.000
  948.429   395.000   290.895     0.000    66.943     8.947     0.000     0.000
  934.655   520.000   289.743     0.000    70.138     8.843     0.000     0.000
  918.643   667.000   288.425     0.000    73.739     8.694     0.000     0.000
  899.742   843.000   287.030     0.000    76.086     8.363     0.000     0.000
  876.658  1062.000   285.996     0.000    71.666     7.522     0.000     0.000
  848.965  1331.000   284.118     0.000    71.919     6.917     0.000     0.000
  815.705  1664.000   283.194     0.000    59.761     5.564     0.000     0.000
  778.052  2055.000   280.337     0.000    58.889     4.788     0.000     0.000
  736.502  2505.000   278.543     0.000    49.546     3.702     0.000     0.000
  692.934  3000.000   275.022     0.000    46.616     2.930     0.000     0.000
  651.109  3500.000   272.900     0.000    39.113     2.205     0.000     0.000
  611.404  4000.000   269.468     0.000    35.387     1.676     0.000     0.000
  573.694  4500.000   266.703     0.000    33.445     1.347     0.000     0.000
  537.901  5000.000   263.248     0.000    30.773     1.026     0.000     0.000
  503.924  5500.000   260.067     0.000    30.769     0.837     0.000     0.000
  471.686  6000.000   256.480     0.000    29.325     0.641     0.000     0.000
  441.099  6500.000   252.923     0.000    30.336     0.519     0.000     0.000
  412.086  7000.000   249.096     0.000    30.613     0.403     0.000     0.000
  384.571  7500.000   245.210     0.000    33.643     0.330     0.000     0.000
  358.487  8000.000   241.128     0.000    37.980     0.272     0.000     0.000
  333.770  8500.000   237.043     0.000    44.878     0.230     0.000     0.000
  310.366  9000.000   232.863     0.000    50.455     0.181     0.000     0.000
  288.224  9500.000   228.703     0.000    53.493     0.132     0.000     0.000
  267.291 10000.000   224.407     0.000    54.491     0.089     0.000     0.000
  247.514 10500.000   220.028     0.000    55.189     0.058     0.000     0.000
  228.844 11000.000   215.623     0.000    55.955     0.037     0.000     0.000
  211.241 11500.000   211.226     0.000    56.620     0.023     0.000     0.000
  194.672 12000.000   207.060     0.000    55.904     0.014     0.000     0.000
  179.134 12500.000   203.700     0.000    54.976     0.009     0.000     0.000
  164.713 13000.000   203.388     0.000    40.227     0.007     0.000     0.000
  151.453 13500.000   203.729     0.000    28.598     0.006     0.000     0.000
  139.293 14000.000   204.497     0.000    19.904     0.005     0.000     0.000
  128.158 14500.000   205.633     0.000    13.691     0.004     0.000     0.000
  117.988 15000.000   207.631     0.000     8.374     0.004     0.000     0.000
  108.722 15500.000   210.126     0.000     4.795     0.003     0.000     0.000
  100.293 16000.000   213.251     0.000     2.542     0.003     0.000     0.000
   92.636 16500.000   216.962     0.000     1.256     0.002     0.000     0.000
   85.686 17000.000   221.107     0.000     0.589     0.002     0.000     0.000
   79.376 17500.000   225.510     0.000     0.267     0.002     0.000     0.000
   73.637 18000.000   229.730     0.000     0.123     0.001     0.000     0.000
   68.404 18500.000   233.646     0.000     0.058     0.001     0.000     0.000
   63.619 19000.000   237.412     0.000     0.000     0.000     0.000     0.000
   59.230 19500.000   240.491     0.000     0.000     0.000     0.000     0.000
   55.193 20000.000   243.394     0.000     0.000     0.000     0.000     0.000
   51.473 20500.000   246.158     0.000     0.000     0.000     0.000     0.000
   48.040 21000.000   248.840     0.000     0.000     0.000     0.000     0.000
   44.868 21500.000   251.254     0.000     0.000     0.000     0.000     0.000
   41.930 22000.000   253.072     0.000     0.000     0.000     0.000     0.000
   39.201 22500.000   254.546     0.000     0.000     0.000     0.000     0.000
   36.662 23000.000   255.714     0.000     0.000     0.000     0.000     0.000
   34.298 23500.000   256.714     0.000     0.000     0.000     0.000     0.000
   32.093 24000.000   257.470     0.000     0.000     0.000     0.000     0.000
   30.036 24500.000   258.089     0.000     0.000     0.000     0.000     0.000
   28.114 25000.000   258.544     0.000     0.000     0.000     0.000     0.000
   26.318 25500.000   258.831     0.000     0.000     0.000     0.000     0.000
   24.638 26000.000   259.084     0.000     0.000     0.000     0.000     0.000
   23.066 26500.000   259.104     0.000     0.000     0.000     0.000     0.000
   21.594 27000.000   259.180     0.000     0.000     0.000     0.000     0.000
   20.217 27500.000   259.061     0.000     0.000     0.000     0.000     0.000
   18.927 28000.000   259.064     0.000     0.000     0.000     0.000     0.000
   17.718 28500.000   258.860     0.000     0.000     0.000     0.000     0.000
   16.587 29000.000   258.802     0.000     0.000     0.000     0.000     0.000
   15.527 29500.000   258.502     0.000     0.000     0.000     0.000     0.000
   14.534 30000.000   258.339     0.000     0.000     0.000     0.000     0.000
   13.603 30500.000   258.009     0.000     0.000     0.000     0.000     0.000
   12.731 31000.000   257.636     0.000     0.000     0.000     0.000     0.000
   11.914 31500.000   257.188     0.000     0.000     0.000     0.000     0.000
   11.147 32000.000   256.367     0.000     0.000     0.000     0.000     0.000
   10.427 32500.000   255.514     0.000     0.000     0.000     0.000     0.000
    9.755 33000.000   257.069     0.000     0.000     0.000     0.000     0.000
